x
-1 1
1 527555 2851380
2 23328700 222658000
3 26460500 189329000
4 1527590000 21522800000
5 632520000 13911700000
6 2245670000 17091900000
7 83503200000 2204140000000
8 24073900000 1364570000000
9 37961800000 1173480000000
10 206940000000 1696580000000
11 372066000 4085070000
12 -1700610000 1581540000
13 303673000 4209020000
14 -75810200000 54695000000
15 -41482000000 50096200000
16 -49194500000 47890500000
17 -64495300000 77069900000
18 0.000346118 0.00247336
19 -0.00199363 0.00130773
20 0.000370438 0.00442897
21 -5.97188e-05 0.000109761
22 -6.59137e-05 5.8444e-05
23 -7.274459999999999e-05 4.11901e-05
24 -7.652719999999999e-05 0.000121548
25 0.000783824 0.0061278
26 2.15261e-11 2.33519e-05
27 1.93023e-14 7.4115e-08
28 3.09371e-14 1.43431e-08
29 -1.12552e-16 1.94865e-16
30 -1.98473e-11 2.32916e-11
31 -4.33736e-16 2.58151e-16
